Read     0/60000 images

|0.00660354  |
|0.00580414  |
|0.00653349  |
|0.00637684  |
|0.00587908  |
|0.00591507  |
|0.00595496  |
|0.00568295  |
|0.00577037  |
|0.999848    |
9

|0.00660354  |
|0.00580414  |
|0.00653349  |
|0.00637684  |
|0.00587908  |
|0.00591507  |
|0.00595496  |
|0.00568295  |
|0.00577037  |
|0.999848    |
2

|0.00660354  |
|0.00580414  |
|0.00653349  |
|0.00637684  |
|0.00587908  |
|0.00591507  |
|0.00595496  |
|0.00568295  |
|0.00577037  |
|0.999848    |
1

|0.00660354  |
|0.00580414  |
|0.00653349  |
|0.00637684  |
|0.00587908  |
|0.00591507  |
|0.00595496  |
|0.00568295  |
|0.00577037  |
|0.999848    |
3

|0.00660354  |
|0.00580414  |
|0.00653349  |
|0.00637684  |
|0.00587908  |
|0.00591507  |
|0.00595496  |
|0.00568295  |
|0.00577037  |
|0.999848    |
1
Finished Reading images
